-0.4569191822067379
-0.19454048906784854
0.004143172465992887
-0.2780306573792347
-0.07897455576299652
-0.2664933868987442
0.2332014256903548
-0.11575386168263085
-0.17864072229011124
0.17536212716020655
-0.6719100875443877
-0.4418017743658278
0.10828166495839613
0.3405936256422691
-0.3023811618284456
0.0172605282065348
0.1617375790227295
-0.1564653319951466
0.12382814357795338
-0.3737069811335072
-0.2870028491583436
0.02129207475195485
0.03588733711739625
0.09389409478451288
-0.19073636871727118
0.23736376683747532
0.026521423766231518
-0.5346885326897588
-0.23988579447861164
0.03048058213609693
-0.1797407630552495
-0.031064474844958556
-0.23640149731520493
-0.16594032447824197
-0.0711247116646182
0.23016259094906366
-0.3180300166751172
0.3392849603165669
0.16334833064963422
-0.06482451228802316
-0.11213960679454976
0.08063066847736391
0.018043288664964276
0.2377603774331073
-0.38740137348619974
0.14461357709744183
-0.005570775642523748
-0.031305415736234715
0.1359131089525406
-0.08945432078110546
-0.5545314914657655
0.012277877640687261
0.17775212949364408
0.20578777480003208
-0.08838021515318248
-0.04299309656228302
0.540685743734327
-0.2777371013527906
-0.2928890244117953
0.03272537062288643
-0.506431936364407
-0.3185522758836479
0.1468598782755507
0.12245241834291588
-0.3633258848803176
-0.028717482186255312
0.013260567125616362
-0.05558922676222572
0.18650991744623835
0.08066074361694045
0.6116029542359729
0.25679148491682224
-0.026182534587437793
0.12344502313058286
-0.30875645589051043
-0.1439970424938851
0.0039332578848701675
-0.2761415719906368
-0.3072890780879637
-0.19675414504533353
-0.07401937251457344
0.04319782151197844
-0.1500042540539016
-0.28780809185305256
0.20535706071051407
0.42970512146014955
0.14064839239837895
-0.15671546608398798
-0.5570835644411668
-0.14095764543002282
-0.30491127794095857
0.6602734632194287
-0.23252395826566388
-0.13657209041631055
-0.34386050748470126
0.24036554387523873
-0.13133655139264372
-0.02045453839697243
-0.20908930331627884
0.39032584970284645
0.0668126509627115
-0.03773644602755417
-0.22887243494106527
0.4544595047771954
-0.1346655294765885
-0.1444365855536035
0.2503764580980525
0.010808236023048909
0.2113334207127206
0.009172878614872723
0.17771937040415234
0.00463129088182127
0.058903253846820366
-0.47620375883795324
0.021325457553584573
0.24555320548301102
0.0734424758256299
-0.2984222284351313
-0.3405947092063358
0.22165038524531508
0.040504850326112035
-0.13331576146407784
-0.09275072600520604
0.15382160385653584
0.04290892920971947
0.2082256306328336
0.18151620901469995
-0.25503226378406235
-0.5077554226157832
0.061788201571697565
-0.08340532605776463
-0.21931411502999631
-0.4317940371966761
-0.4987191928311267
-0.569972407460163
0.383668420040962
0.29093604556539165
-0.20858361008865633
0.13802759085951616
-0.23185146374014576
0.029655135507735252
-0.06605097826123249
0.29535254817711226
0.054257654199868915
0.3990692351530495
0.09848562442148318
0.47017195075331786
-0.14069104159655485
-0.19868640266887228
0.37701618247604907
-0.34022078145751483
-0.21111763426925695
-0.25875668586964745
-0.038896499370439985
-0.10007010314243611
0.40193462632344135
0.1265964576693909
0.2253988053045281
0.14465180448545822
-0.3187782843039755
-0.1729845076433324
0.025578987619349153
-0.7535147750225657
0.036371749394279965
-0.13864270482793423
0.24439799143461152
-0.05215411290201457
0.1829730458344467
0.00016294589471177532
0.11527446426244364
-0.1395121242738977
0.08591817507874866
-0.1526952342969655
-0.16049514737364035
-0.40893695256421225
0.27282773912366853
0.285226751058431
-0.4511727817499308
-0.012821161819165401
0.1557830776411747
