0.18736367902156165
-0.2748394787068027
-0.2925088000417688
-0.4791925969847417
-0.4055701086747109
-0.2533460856617731
0.29830479546704136
0.2692703305696429
0.10785949778543044
-0.407728425330385
0.31672887179701115
-0.15872493922858877
0.16774375224918409
-0.6106365807388697
-0.26716755068006137
-0.3082816656209937
-0.03270060308286203
-0.46199081302345224
-0.009170533716021907
0.4460467714554376
-0.33725228244046845
0.33483151199745353
-0.3543340596460173
0.18676434977659162
-0.013808879497350376
-0.7576133371510734
-0.07734344923272374
0.391937289485195
0.23687519463290974
0.430213594272463
0.04280408711719946
0.22102035903543024
-0.1391321017127023
-0.037628517435626216
0.20608026560405013
0.25151665231530024
0.1115392408988322
-0.26325135950668793
-0.11875169537950765
-0.12041404435023564
-0.1153983431236844
-0.24950084743378748
0.11699934199381462
-0.256990998268616
0.13672572703451896
0.13693627084368112
0.16930177549220604
-0.12404165778852479
0.11808990980039497
0.03871374829188515
-0.09004507807861448
-0.22681141042886183
0.04533539664046657
-0.5285567407493903
-0.11145934162336746
-0.19642198103070266
0.17161736724871102
0.13033047654563557
-0.10206897237822307
-0.27624610898535884
-0.07822860738358045
-0.008819186509557882
0.030877416158139707
0.25062405218739114
0.021916296468963176
0.2648355218771329
0.3250048644252853
0.15860030136415487
-0.5753425920889867
-0.2468411198196175
-0.0442049152992378
-0.3441820338037771
0.06966351224402945
0.31202305160913824
0.22972625964566967
0.08374831339203187
0.18717994657736958
-0.017389469167024822
-0.280094731088647
0.3255899068556879
-0.12079261947278586
0.08950167949596566
0.1586271582332524
-0.20310093423908177
0.4270272633744764
0.12298565134083592
0.4294557845830943
0.20885291109203907
0.20358073721772746
0.3816390724215889
0.4596574042955692
0.8208601781719571
-0.579631172780055
-0.7882687174902816
-0.20788361638487504
0.39187787095520743
0.35007105255092497
0.2869063176797607
0.5442056384117309
-0.8073698779545382
0.10582778407441853
0.17936089349621537
-0.47506107243770346
-0.1629453623758808
-0.396660760883302
-0.22318904313832416
0.27149502202807885
0.3835861217400556
0.3598138463947953
-0.23446286070690686
0.11458695528525956
0.061630094407573
0.5257361580543731
0.40358484591757304
-0.3687554879738182
0.05046664903419293
-0.4589376886602593
0.4332695559544443
-0.192692893304578
-0.012610248530505203
-0.11126561046778277
0.15935989784474774
-0.03516996955625709
0.30195311693630644
0.3182505477963684
0.09333900069229678
-0.2691327958093441
0.26772917024203075
-0.28189759944179604
-0.4030633706301564
0.055885025333903465
-0.5098214997108861
0.3797489605557951
0.004314821105870987
0.15836458493208946
0.17070200775322947
-0.41523307432500256
0.0327279004623869
0.08063046309396622
0.532686368538325
0.06396480808138233
0.1828081722080923
-0.0766320307176239
-0.37407879303019936
0.5502509952400108
-0.04253696750310508
-0.10480042113836449
0.4788542003928165
0.41186596277114323
0.3342541600513531
-0.3188528763859646
0.08639031600428564
-0.42135075939443356
-0.16850626649800055
0.12613798535833043
-0.09305447761590907
0.27140299097441656
0.530897562072409
-0.2638585979882957
0.06162886077665035
0.3188865488048541
0.19297549630130129
0.09026572628669152
0.1563749820687795
-0.07654633559856108
-0.3018072898519589
0.17357983878819688
0.554937186512449
-0.36796608085811267
0.2212575898371087
0.3274282957976028
-0.35120544198240655
0.0935133852242909
0.11019739296949926
0.5033189818370806
0.7107822157052487
-0.22044698771099128
0.2532897153910113
-0.1341804822519488
-0.17221635923670064
